1005919218
1009647164
1009647165
1018177263
1026882843
1027415668
1027415669
103256501
1036244494
1050673866
1054887015
1057321721
1073131139
1073131140
1074299236
1075980902
1075980903
1079101662
1092214117
1102448772
1106645573
1113237071
1115670546
1115670547
1128387558
1143384869
115188886
1163663431
1169583599
1173317648
1199267434
1199267435
1210323305
1220578387
1220578388
1245234979
1265184095
1304856647
1306126540
1319609354
1324844704
1330315338
1367763933
1381916066
1387902253
139500324
1417620616
1420232579
1426906144
1435819351
1436103736
1437577936
1437907695
1439503714
1440304203
1462915504
1477106359
1480298069
1482704787
1487710138
1490820601
1490820602
1493564299
150783683
1514890072
1521208689
1535111203
1559687813
1559799913
1565745181
1570859343
1574649986
1575255270
1576821194
1576828559
1581127940
1589286792
1602039375
1614245937
1630070338
1638319321
1659720042
1662926026
1664175966
1664175967
167046813
1711530256
1720053066
1726902884
1733171096
1733171097
1755206728
1766560370
1767356490
1771668619
1779604007
1801757043
1814174234
182479052
1827210735
183186412
183186413
1874138233
1875288146
1875288147
1882681310
1889228110
1905782322
1906018260
1906018261
1914301514
191987033
1934415188
193625597
1947939054
1949825583
1959760979
1961225402
1961225403
1964708045
1991480311
2000768350
2011582555
2021501624
2038310284
2039483785
2040698534
204202253
204292464
2057596548
2071794881
2073003926
208040576
2086141900
2107926712
2108785976
2112871351
2153598866
2163063328
2164069701
2165303902
2177993285
2177993286
2181119020
2181119021
2183397041
2188865001
2194834103
2211015949
2242144986
22427090
2249045874
2255417049
2268050633
2272437553
2291494338
2296111720
2297175672
2301833363
2312978430
2315283752
2315283753
2332513434
2346420039
2346420040
2361717663
2364412772
2364898313
2364898314
2367319977
2367829771
2383239197
2387301733
2403290319
2403442717
2403442718
2408659480
2433797258
2433797259
2464787446
2465031338
2465031339
248063852
248063853
2488373981
249414997
2510511830
2516290735
2516290736
254147466
2544600613
2558625962
2559670275
2570504174
2570504175
2596999652
2615501679
2615501680
265023858
2659014289
2665161884
2665958267
267313048
2682923320
26839523
2698924294
2699298882
2714313257
2730898008
2763395109
2763395110
2771889007
2772725281
2776385901
2779546438
2785453845
2787346102
2801601275
2801601276
2808685964
2815038436
2826299531
2827559732
2831221614
2835765550
2836433106
2840466804
2840466805
2841810562
2841810563
2865956478
2865956479
2876070285
2876070286
2880500564
2880525349
289774185
2898712717
2900454494
290402677
2907324182
2923617213
29289889
2931969284
2935826613
2941220220
2941220221
2942877484
2949608292
299355888
3003337150
3003337151
3005503738
3014642256
3019800901
3023901497
3023901498
3026506367
3028886826
3043364454
3052046867
3057811195
3060132710
3077646676
3090255798
3096772281
3118869042
3152418586
3163761635
316614342
3193953265
3193953266
3196885801
3198308593
3203266012
3239583994
3241703767
3252919275
3255371644
3256357809
3259218298
3263892862
3267151589
3272851275
3284259761
3296661198
3296661199
3297124839
3304222319
3306732398
3306861601
3329732592
3329732593
3329775632
3331354138
3332238987
3337648477
3348296077
3348986355
3373735584
3374387796
33841001
3395894794
3404510435
3406440002
3416729309
3416729310
3425924293
3440695590
3449543993
3457281547
3457281548
345815840
3460978274
3464073839
3469857042
3472483854
3473883214
3485591805
3504169517
3504169518
35059339
3519832324
3550506734
3559802396
3579123024
3590472430
3623786691
3643348068
3657191506
3675169844
3687870106
371270427
3743309379
3808581428
3833385198
3836350213
3845047398
38598164
3864223234
3900746921
3908982548
3909662480
3929159199
3929159200
3929259571
3934263364
3952332979
3952332980
3968058195
3992115293
3993415224
4024642617
4025095144
4030134091
4030913191
4060902505
4062217113
4087237368
409623897
4142494684
4164097106
4164097107
4178369074
4178369075
4183070033
4204267109
4215906306
4217971679
4217971680
4228375981
42327025
4236541308
425501011
426470910
4268709522
4275334476
470028705
475678991
48111879
481933092
484846063
494225025
494320839
494982382
520104580
527880625
544311807
574422674
59228461
593159971
598602123
601624996
604674078
605654664
618245474
628093889
628093890
636826515
655604764
669223201
671741791
674628499
680711497
731742138
733037419
743154782
761092591
768609118
774382181
786293254
791869614
794929878
815571985
824322457
829296940
830419826
843639180
843639181
854460674
864920692
870775028
874045616
883062420
892418014
893038625
902799398
907953305
908842278
91002465
9187097
92203528
92203529
926804668
934013167
940439940
943741710
954728487
959845624
971010696
974987404
975436113
987559167
987559168
99048037
997093868
